1  (10)
5  (12)
6  (11)
8  (19)
10  (16)
12  (26)
17  (14)
21  (16)
27  (21)
28  (13)
31  (21)
32  (31)
33  (19)
35  (13)
37  (10)
38  (15)
39  (37)
43  (16)
45  (17)
48  (19)
52  (13)
54  (14)
55  (20)
57  (16)
58  (13)
68  (11)
69  (11)
70  (19)
71  (40)
72  (18)
73  (10)
75  (25)
78  (17)
90  (12)
93  (16)
97  (10)
100  (15)
108  (11)
110  (13)
112  (23)
116  (16)
117  (10)
120  (43)
125  (11)
129  (13)
130  (10)
132  (26)
140  (19)
143  (11)
145  (34)
147  (19)
151  (26)
154  (11)
158  (12)
161  (20)
162  (17)
168  (11)
172  (15)
173  (10)
175  (12)
177  (42)
181  (10)
183  (29)
192  (18)
196  (18)
198  (13)
201  (11)
204  (26)
205  (23)
210  (12)
217  (49)
229  (14)
236  (23)
239  (18)
240  (10)
242  (13)
252  (12)
256  (12)
265  (10)
266  (10)
274  (25)
275  (16)
276  (20)
279  (26)
280  (17)
283  (43)
285  (10)
294  (10)
296  (21)
308  (11)
309  (10)
310  (14)
326  (14)
334  (15)
336  (10)
346  (30)
348  (21)
349  (18)
350  (22)
351  (10)
354  (52)
355  (12)
357  (12)
362  (34)
368  (57)
373  (12)
378  (12)
381  (22)
385  (13)
390  (16)
392  (23)
394  (11)
395  (13)
401  (23)
403  (17)
405  (12)
411  (15)
413  (21)
419  (36)
423  (13)
424  (16)
427  (12)
438  (45)
440  (22)
449  (12)
450  (11)
460  (38)
461  (11)
470  (29)
472  (17)
477  (18)
480  (23)
486  (12)
487  (35)
489  (21)
494  (36)
496  (12)
509  (30)
510  (25)
515  (14)
516  (15)
517  (15)
521  (13)
522  (27)
523  (20)
526  (22)
527  (15)
529  (43)
534  (13)
538  (34)
541  (24)
548  (12)
561  (20)
569  (32)
571  (23)
572  (13)
573  (14)
577  (13)
579  (21)
580  (17)
581  (21)
583  (16)
593  (19)
594  (16)
597  (21)
598  (25)
600  (15)
605  (13)
606  (12)
614  (23)
617  (19)
620  (14)
623  (18)
628  (11)
631  (16)
634  (15)
638  (18)
639  (11)
651  (14)
653  (18)
658  (19)
661  (22)
665  (12)
673  (13)
674  (19)
675  (22)
676  (17)
682  (28)
684  (40)
692  (34)
694  (22)
701  (11)
704  (14)
706  (10)
707  (13)
720  (24)
722  (27)
733  (15)
735  (13)
738  (24)
740  (10)
742  (10)
744  (19)
746  (13)
752  (32)
758  (14)
765  (14)
766  (35)
774  (14)
775  (25)
778  (31)
780  (25)
782  (22)
788  (23)
789  (24)
792  (10)
793  (21)
795  (25)
797  (17)
798  (25)
801  (10)
803  (21)
804  (10)
805  (12)
809  (15)
812  (16)
814  (14)
820  (10)
825  (18)
826  (23)
829  (40)
832  (21)
838  (13)
841  (11)
844  (20)
846  (11)
853  (14)
854  (27)
862  (33)
867  (11)
871  (18)
874  (22)
878  (20)
883  (33)
884  (11)
885  (21)
886  (22)
888  (21)
890  (12)
893  (14)
895  (33)
897  (15)
899  (12)
903  (11)
906  (16)
910  (10)
912  (19)
913  (14)
914  (26)
918  (17)
919  (20)
921  (23)
932  (15)
935  (19)
937  (29)
944  (18)
947  (21)
950  (17)
952  (12)
956  (26)
960  (14)
964  (15)
966  (32)
967  (12)
970  (20)
975  (10)
978  (10)
981  (12)
982  (18)
984  (14)
988  (11)
989  (18)
995  (14)
998  (13)
33 515  (10)
789 829  (10)
217 346  (17)
487 510  (12)
392 801  (10)
346 515  (11)
217 515  (11)
348 912  (10)
33 346  (11)
354 752  (11)
392 862  (12)
801 862  (10)
529 598  (11)
217 283  (12)
75 684  (10)
75 438  (11)
438 684  (11)
58 354  (10)
529 782  (11)
33 283  (11)
283 515  (11)
33 217  (11)
517 883  (10)
509 569  (10)
283 346  (12)
33 217 346  (11)
392 801 862  (10)
33 217 283  (11)
217 283 515  (11)
217 346 515  (11)
33 283 515  (10)
217 283 346  (12)
75 438 684  (10)
33 346 515  (10)
33 283 346  (11)
283 346 515  (11)
217 283 346 515  (11)
33 283 346 515  (10)
33 217 283 515  (10)
33 217 283 346  (11)
